000005
000009
000012
000016
000017
000019
000024
000030
000033
000034
000035
000036
000041
000042
000044
000046
000048
000050
000051
000052
000060
000061
000063
000064
000065
000066
000072
000073
000077
000081
000083
000091
000093
000095
000099
000101
000102
000109
000110
000112
000113
000117
000120
000121
000122
000123
000125
000129
000130
000131
000132
000133
000134
000138
000140
000141
000142
000143
000147
000153
000154
000156
000158
000161
000162
000163
000164
000165
000169
000170
000171
000173
000174
000177
000180
000189
000192
000193
000194
000198
000200
